2735
3482
4237
4992
5747
6501
7256
8011
8765
9521
10275
12536
13292
14048
14801
15555
15586
16313
17065
17094
17815
18573
18602
19328
20082
20837
21591
22346
24263
24639
25018
25393
25771
26148
26526
26903
27268
27657
28024
28034
28414
28790
29168
29531
29543
29564
29922
29942
30299
30675
31054
31432
31810
32187
32205
32563
32940
33308
33317
33696
33715
34073
34451
34826
34846
35205
35584
35961
36338
36715
37092
37473
37849
38224
38243
38601
38979
39343
39353
39733
40098
40109
40490
40865
41245
41620
41997
42364
42374
42753
42770
43131
43507
43885
44262
44281
44640
45018
45038
45393
45772
46148
46528
46903
47281
47659
48036
48417
48790
49168
49546
49921
50299
50676
51055
51431
51809
52187
52564
52940
53317
53697
54074
54450
54469
54829
55205
55583
55948
55958
56337
56356
56715
57093
57468
57846
58224
58242
58602
62375
62393
62752
63130
63148
63508
63885
64261
64638
65017
65394
65770
66148
66525
66903
67282
67659
68035
68054
68413
68780
68789
69167
69545
69922
70298
70676
70696
71055
71432
71807
72186
72564
72941
73317
73697
74074
74451
74828
75205
75583
75960
76337
76714
77093
77469
77846
78224
78600
78978
79358
79734
80110
80489
80865
80884
81242
81261
81621
81998
82375
82752
83129
83508
83883
84262
84639
85017
85393
85771
86152
86526
86905
87282
87659
88036
88413
88791
89169
89545
89925
90300
90677
91054
91433
91809
92189
92564
92942
93320
93697
94074
94450
94829
95206
95583
95960
96337
96716
97093
97847
98227
98602
98979
99357
99734
100111
100488
100507
100866
101244
101622
101999
102375
102754
103129
103509
103885
104264
104639
105394
105771
106149
106527
106905
107281
107658
108036
108414
108793
109168
109925
112176
112185
112564
112942
112960
113320
113696
113715
114074
114450
114827
115204
115572
115581
115960
115979
116337
116716
117080
117091
117469
117848
118214
118222
118602
118979
119356
119734
120110
120488
120865
121243
121620
121998
122375
122395
122753
123131
123507
123526
123886
124261
124640
125017
125395
125772
125789
126149
126525
126890
126901
127280
127657
128037
128412
128792
129167
129545
129921
130299
130677
131055
131433
131810
131828
132187
132566
132941
132959
133319
133684
133695
134073
134450
134829
135207
135584
135961
136337
136715
137093
137469
137846
137865
138225
138601
138979
139356
139734
140111
140131
140487
140865
141244
141621
141997
142016
142376
142753
143131
143496
143506
143885
144262
144641
145016
145395
145771
146149
149548
149922
150299
150676
151055
151432
151808
152185
152566
152941
153318
153696
153715
154074
154450
154468
154830
155206
155583
155960
155980
156336
156715
157093
157470
157847
157866
158224
158601
158621
158978
159355
159734
160111
160488
160865
161243
161621
161998
162016
162375
162752
163131
163507
163884
164261
164641
165016
165036
165393
165772
165790
166148
166526
166904
167282
167658
168035
168054
168412
168432
168790
168810
169167
169545
169922
170300
170677
171054
171431
171809
172187
172564
172940
172960
173318
173699
174073
174091
174452
174829
175206
175582
175961
176338
176716
177092
177474
177847
178225
178601
178981
179357
179737
180111
180490
180866
180885
181243
181622
181998
182376
182754
183129
183507
183885
184263
184640
185018
185382
185393
185774
186149
186167
186526
186904
187282
187658
188036
188414
188791
189168
189546
189923
190300
190676
191058
191432
191810
192187
192941
193320
193696
194074
194451
194830
195205
195586
195960
196341
196715
197474
200869